__author__ = 'Klado_S'

import datetime

simArea = sympy.Polygon((92.95165300367681,60.0533918368462),(92.94890642164644,60.05412021180842),(92.94787645338843,60.054055944075884),(92.94697523115592,60.0533918368462),(92.94774770735393,60.05225639676073),(92.95040845869163,60.05131373758432),(92.95208215712213,60.050928096526356),(92.95375585554365,60.05105664404625),(92.95478582381067,60.05152798067005),(92.95405626295451,60.052791986573126),(92.95165300367681,60.0533918368462))


time = datetime.datetime.now()
for i in xrange(0,27):
    #simArea = sympy.Polygon((92.95165300367681,60.0533918368462),(92.94890642164644,60.05412021180842),(92.94787645338843,60.054055944075884),(92.94697523115592,60.0533918368462),(92.94774770735393,60.05225639676073),(92.95040845869163,60.05131373758432),(92.95208215712213,60.050928096526356),(92.95375585554365,60.05105664404625),(92.95478582381067,60.05152798067005),(92.95405626295451,60.052791986573126),(92.95165300367681,60.0533918368462))
    #simArea = sympy.Polygon((0,0),(1,1),(2,1),(3,2),(4,2),(5,3),(4,4),(3,4),(2,5),(1,5),(0,4),(-1,4),(-1,3),(0,2))
    simArea.encloses_point((92.95221090314764,60.05244921009423))

time = datetime.datetime.now() - time

print time


111
